Scaler statistics for f

Index(['dt', 'y', 'f'], dtype='object') 

MEAN:  [0.03906227 0.         0.08669415]
STD:  [8.72058855e-07 1.79006863e+00 2.49605243e-01]
#Samples:  40132

MEAN:  [0.03906232 0.         0.08668788]
STD:  [8.7303835e-07 1.7901189e+00 2.4959575e-01]
Shape:  (40132, 3)
