Scaler statistics for uy

Index(['dt', 'y', 'uy'], dtype='object') 

MEAN:  [0.03906227 0.         0.00014773]
STD:  [8.72058855e-07 1.79006863e+00 3.01796625e-02]
#Samples:  40132

MEAN:  [0.03906232 0.         0.00014773]
STD:  [8.7303835e-07 1.7901189e+00 3.0179521e-02]
Shape:  (40132, 3)
