Scaler statistics for ux

Index(['dt', 'y', 'ux'], dtype='object') 

MEAN:  [0.03906227 0.         0.01575622]
STD:  [8.72058855e-07 1.79006863e+00 4.32956065e-02]
#Samples:  40132

MEAN:  [0.03906232 0.         0.01575621]
STD:  [8.7303835e-07 1.7901189e+00 4.3295596e-02]
Shape:  (40132, 3)
